005930
000660
035420
051910
005380
207940
006400
035720
068270
000270
012330
096770
066570
051900
005490
028260
036570
017670
034730
105560
055550
003550
018260
032830
015760
009150
090430
003670
086790
033780
251270
011170
326030
010950
018880
034220
000810
010130
009540
086280
009830
030200
011780
024110
006800
097950
161390
011200
004020
035250
032640
002790
071050
271560
003490
021240
011070
139480
011790
285130
000720
000100
267250
006280
008930
019170
010140
128940
026960
180640
034020
000120
078930
029780
004990
003410
039490
023530
047810
020150
241560
016360
008770
012510
012750
005940
006360
036460
028670
204320
005830
282330
042660
001040
088350
007070
307950
014680
004170
047050
010060
028050
008560
000990
047040
081660
000080
009240
006260
030000
006650
000880
007700
064350
003090
272210
011210
007310
010620
138930
012450
001450
185750
069960
000060
017800
010120
002380
294870
004800
111770
298020
004370
042670
000240
010780
005250
138040
069620
112610
032350
003000
004000
181710
120110
001740
013890
031430
000210
161890
004490
014820
298050
006120
051600
214320
139130
016380
000670
009420
023590
175330
248070
073240
020560
042700
003520
005850
005300
003850
192080
001120
192820
003240
114090
079160
103140
006040
093370
003690
069260
057050
007570
039130
064960
020000
005690
272450
241590
005440
089590
284740
001800
001680
018670
330590
071840
001440
192400
001230
033270
280360
300720
005880
002350
000150
002840
025540
105630
049770
115390
000070
267270
000640
085620
036420
170900
298000
009450
001880
001820
210980
082640
003230
002320
018250
052690
081000
003540
012630
298040
108670
017810
034310
006390
267260
011000
015350
192650
001060
005070
271980
286940
011930
005610
003470
033660
226320
003530
008490
097230
145990
145720
005180
010050
008730
195870
014830
009970
005090
027410
000400
068400
281820
001720
034830
001630
001430
003070
024720
017960
123890
001470
026890
017390
030610
001360
093050
009410
008350
016710
339770
009290
003060
136490
002270
000370
071320
060980
033180
004430
025860
249420
034120
009680
126560
006060
003620
002240
006840
002310
053210
001510
138250
004140
001530
000020
002390
293480
029460
001780
293940
001200
002780
011280
037270
104700
900140
001390
037560
084690
009580
000140
011500
001500
004700
005500
084680
007810
183190
016800
004690
072710
007460
002210
003220
096760
079430
002990
088260
234080
005950
005420
161000
000050
068290
102460
000480
002960
019680
004710
077500
213500
298690
122900
092220
091810
272550
003300
095720
007690
033240
001520
025000
083420
084010
058650
002620
317400
214390
093230
029530
014160
075580
016450
002100
000390
002020
079980
214330
308170
012610
023800
036530
003560
004360
017940
005960
002150
007340
101060
036580
001940
006490
016590
004560
004380
002810
033530
031440
015860
037710
013520
000540
306200
044450
030210
005810
005720
013580
000430
092230